x = 0.5, f(x) = -0.7449152143792107
x = 2.0, f(x) = -0.35323640580550786
x = 3.5, f(x) = -0.3709482579258811
